cemDados <-
1:100
